Time - Plot 0	Amplitude - Plot 0	
2400,04	0,128799	
2400,03	0,128775	
2500,05	0,13244	
2500,06	0,132431	
2600,07	0,136141	
2700,1	0,139941	
2700,11	0,13998	
2799,94	0,143867	
2799,94	0,14387	
2899,98	0,147806	
2899,97	0,147817	
2999,99	0,151859	
3100,02	0,156005	
3100,02	0,15601	
3200,04	0,160236	
3200,04	0,160203	
3300,06	0,164541	
3400,1	0,168901	
3400,09	0,168935	
3499,93	0,17336	
3499,92	0,173373	
3599,95	0,177917	
3599,96	0,177953	
3699,98	0,182556	
3799,99	0,187253	
3799,99	0,187276	
3900,02	0,192072	
3900,03	0,192074	
4000,05	0,196974	
4000,05	0,196974	
4100,07	0,201917	
4200,1	0,207014	
4200,09	0,207017	
4299,95	0,212173	
4299,93	0,212175	
4399,98	0,217458	
4499,99	0,222814	
4499,99	0,222819	
4600,01	0,228278	
4600,02	0,228307	
4700,04	0,233858	
4700,03	0,233857	
4800,06	0,239552	
4900,09	0,245333	
4900,08	0,245333	
5000,12	0,251222	
5000,11	0,25121	
5099,96	0,257273	
5099,95	0,257247	
5199,97	0,263409	
5300	0,269659	
5300	0,269687	
5400,02	0,276057	
5400,02	0,276093	
5500,05	0,282629	
5600,08	0,28926	
5600,07	0,289315	
5700,1	0,296083	
5700,1	0,296118	
5800,13	0,303079	
5800,13	0,303129	
5899,97	0,310231	
5999,98	0,317504	
5999,98	0,3175	
6100,01	0,324912	
6100,01	0,324923	
6200,04	0,332544	
6200,04	0,332585	
6300,07	0,340366	
6400,07	0,34834	
6400,09	0,34839	
6500,11	0,356568	
6500,11	0,356566	
6599,95	0,364916	
6699,98	0,373508	
6699,97	0,373535	
6799,99	0,382302	
6799,99	0,38235	
6900,03	0,391342	
6900,02	0,391418	
7000,04	0,400631	
7100,07	0,410148	
7100,07	0,410171	
7200,1	0,419957	
7200,1	0,419986	
7300,12	0,429984	
7399,96	0,440246	
7399,95	0,440323	
7499,98	0,450908	
7499,98	0,450983	
7600,01	0,461803	
7600,01	0,461908	
7700,03	0,473042	
7800,06	0,484557	
7800,07	0,484675	
7900,08	0,496523	
7900,08	0,496587	
8000,11	0,508744	
8100,13	0,521352	
8100,13	0,521465	
8199,98	0,534359	
8199,97	0,534459	
8299,99	0,547743	
8400,01	0,561497	
8400,03	0,561627	
8500,04	0,575791	
8500,04	0,575926	
8600,07	0,590472	
8600,06	0,590638	
8700,08	0,605759	
8800,11	0,621341	
8800,11	0,621436	
8900,14	0,637489	
8900,14	0,637612	
8999,97	0,654139	
9100,01	0,671218	
9100	0,671429	
9200,02	0,689027	
9200,02	0,689183	
9300,06	0,70736	
9400,09	0,72623	
9400,09	0,726434	
9500,1	0,74578	
9500,1	0,745983	
9600,14	0,765943	
9600,12	0,766182	
9699,97	0,786824	
9799,98	0,807999	
9799,99	0,808267	
9900,01	0,830052	
9900	0,830374	
10000	0,853043	
10100,1	0,876134	
10100,1	0,876415	
10200,1	0,900133	
10200,1	0,900367	
10300,1	0,924863	
10400,1	0,949589	
10400,1	0,950009	
10500	0,975258	
10500	0,975657	
10600	1,00164	
10700	1,02786	
10700	1,02818	
10800,1	1,05467	
10800,1	1,055	
10900,1	1,08204	
11000,1	1,10895	
11000,1	1,10935	
11100,1	1,13609	
11100,1	1,13645	
11200,2	1,16328	
11300	1,18956	
11300	1,18982	
11400	1,2156	
11400	1,21583	
11500	1,24108	
11600	1,26523	
11600,1	1,26547	
11700,1	1,28836	
11700,2	1,28855	
11800,1	1,31015	
11900,1	1,33003	
11900,1	1,33015	
12000,2	1,34818	
12001,6	1,34819	
12100	1,3643	
12200	1,37808	
12200	1,37811	
12300	1,38956	
12368,6	1,37953	
12400,1	1,39852	
12500,1	1,40506	
12500,2	1,4051	
12600,1	1,40893	
12700,1	1,41033	
12700,2	1,4102	
12800	1,40904	
12800	1,40899	
12900	1,40541	
13000	1,39963	
13000	1,3994	
13100	1,39153	
13100,1	1,39149	
13200,1	1,38161	
13300,1	1,36987	
13300,1	1,37004	
13400,2	1,35668	
13400,1	1,35688	
13500,2	1,34215	
13600	1,32642	
13600	1,32675	
13700	1,30983	
13700	1,31014	
13800,1	1,29236	
13900,1	1,27409	
13900,1	1,2744	
14000,1	1,25539	
14000,1	1,25582	
14100,1	1,23639	
14200,2	1,21699	
14200,1	1,21738	
14300,2	1,1976	
14300,2	1,19797	
14400	1,17816	
14500	1,15848	
14500	1,15889	
14600,1	1,13915	
14600,1	1,13964	
14700,1	1,11996	
14800,1	1,10087	
14800,1	1,10129	
14900,1	1,08212	
14900,1	1,08256	
15000,2	1,06364	
15100,2	1,04534	
15100,2	1,04576	
15200	1,02759	
15200	1,02793	
15300	1,01006	
15400,1	0,992752	
15400,1	0,993153	
15500,1	0,975973	
15500,1	0,976312	
15600,1	0,959576	
15700,1	0,943456	
15700,1	0,943808	
15800,2	0,927901	
15800,2	0,92816	
15900	0,912645	
16000	0,897669	
16000	0,898009	
16100,1	0,883242	
16100,1	0,883519	
16200,1	0,869164	
16300,1	0,855229	
16300,1	0,855537	
16400,1	0,841918	
16400,1	0,842094	
16500,1	0,828837	
16600,2	0,816023	
16600,2	0,816255	
16700	0,803696	
16700	0,803974	
16800	0,791696	
16900,1	0,779829	
16900,1	0,780042	
17000,1	0,768408	
17000,1	0,768608	
17100,1	0,757303	
17200,1	0,746378	
17200,1	0,746497	
17300,2	0,735826	
17300,2	0,735999	
17400,2	0,725506	
17400,2	0,725638	
17500	0,715519	
17600	0,705713	
17600	0,705798	
17700,1	0,696154	
17700,1	0,696246	
17800,1	0,68684	
17900,1	0,677731	
17900,1	0,677784	
18000,1	0,668892	
18000,1	0,669003	
18100,2	0,660283	
18200,2	0,651894	
18200,2	0,651974	
18300	0,643698	
18300	0,643804	
18400	0,635732	
18400	0,635777	
18500,1	0,627894	
18600,1	0,62027	
18600,1	0,620322	
18700,1	0,61284	
18700,1	0,612907	
18800,2	0,605582	
18900,2	0,59846	
18900,2	0,598537	
19000	0,591617	
19000	0,591585	
19100	0,584765	
19200,1	0,578125	
19200,1	0,578207	
19300,1	0,571638	
19300,1	0,571713	
19400,1	0,565345	
19500,1	0,559111	
19500,2	0,559176	
19600,2	0,553051	
19600,2	0,553109	
19700,2	0,54713	
19700,2	0,547148	
19800	0,54136	
19900,1	0,535652	
19900,1	0,535649	
20000,1	0,530161	
20000,1	0,530176	
20100,1	0,52465	
20200,1	0,519371	
20200,1	0,519377	
20300,2	0,514183	
20300,2	0,514154	
20400,2	0,509031	
20500,2	0,503989	
20500,2	0,504081	
20600	0,499182	
20600	0,49923	
20700,1	0,494418	
20800,1	0,489728	
20800,1	0,489749	
20900,1	0,485163	
20900,1	0,485132	
21000,1	0,480608	
21100,2	0,476265	
21100,2	0,476224	
21200,2	0,471887	
21200,2	0,471915	
21300,2	0,467657	
21400	0,463474	
21400,1	0,463505	
21500,1	0,459372	
21500,1	0,459365	
21600,1	0,455371	
21700,1	0,451436	
21700,1	0,451421	
21800,2	0,447565	
21800,2	0,447583	
21900,2	0,443729	
22000,2	0,439983	
22000,2	0,440036	
22100	0,436328	
22100	0,436348	
22200	0,432748	
22300,1	0,429184	
22300,1	0,429203	
22400,1	0,425767	
22400,1	0,425745	
22500,1	0,422313	
22600,2	0,418963	
22600,2	0,418997	
22700,2	0,415684	
22700,2	0,415711	
22800,2	0,412441	
22900	0,409271	
