Time - Plot 0	Amplitude - Plot 0	
5000,11	0,0453552	
5000,11	0,0453072	
5000,1	0,0453116	
5000,11	0,0453388	
5000,1	0,0452846	
5000,11	0,0453321	
5000,12	0,0453204	
5000,11	0,0453349	
5000,12	0,0453176	
5000,11	0,0453327	
5000,12	0,045325	
5000,11	0,0453462	
5000,11	0,0453489	
5000,11	0,0453204	
5000,13	0,0453661	
5000,12	0,0453409	
5000,11	0,0453338	
5000,12	0,045351	
5000,12	0,0453573	
5000,11	0,0453131	
5000,11	0,0453271	
5000,11	0,0453294	
5000,11	0,0453224	
5000,11	0,045321	
5000,11	0,0453579	
5000,11	0,0453274	
5000,11	0,0453177	
5000,12	0,0453119	
5000,1	0,0453571	
5000,11	0,0453382	
5000,11	0,0453567	
5000,11	0,0453601	
5000,11	0,0453222	
5000,11	0,0453427	
5000,11	0,0453433	
5000,11	0,0453388	
5000,11	0,0453212	
5000,11	0,0453531	
5000,11	0,0453443	
5000,11	0,0453062	
5000,11	0,0453444	
5000,11	0,0453515	
5000,11	0,0453316	
5000,11	0,0453512	
5000,12	0,0453462	
5000,1	0,0453365	
5000,11	0,0453494	
5000,12	0,04531	
5000,11	0,0453168	
5000,11	0,0453375	
5000,12	0,0453218	
5000,12	0,0453058	
5000,11	0,0452984	
5000,12	0,0453381	
5000,11	0,0453167	
5000,11	0,045321	
5000,11	0,0453251	
5000,1	0,0453252	
5000,1	0,0453244	
5000,1	0,0453254	
5000,11	0,0453169	
5000,11	0,0453278	
5000,11	0,0453202	
5000,11	0,0453194	
5000,11	0,0453098	
5000,11	0,0453431	
5000,12	0,0453063	
5000,11	0,0453327	
5000,11	0,04532	
5000,1	0,0452995	
5000,11	0,0453222	
5000,11	0,0453429	
5000,12	0,0453184	
5000,11	0,0453267	
5000,11	0,0453204	
5000,11	0,0453319	
5000,11	0,045309	
5000,11	0,0453201	
5000,12	0,045327	
5000,11	0,0453299	
5000,11	0,0453148	
5000,1	0,0453144	
5000,1	0,0453236	
5000,11	0,0453163	
5000,12	0,0453091	
5000,11	0,0453251	
5000,11	0,0453119	
5000,11	0,0453261	
5000,12	0,0453458	
5000,11	0,0453292	
5000,11	0,045332	
5000,11	0,0453425	
5000,11	0,0453306	
5000,11	0,0453013	
5000,11	0,0453418	
5000,11	0,0453208	
5000,11	0,0453371	
5000,11	0,0453403	
5000,11	0,0453215	
5000,12	0,0453186	
5000,11	0,0453525	
5000,11	0,0453316	
5000,11	0,045275	
5000,11	0,0453294	
5000,11	0,0453242	
5000,11	0,0453021	
5000,11	0,0453286	
5000,11	0,0453159	
5000,1	0,0453292	
5000,12	0,0453284	
5000,11	0,0453182	
5000,11	0,0453319	
5000,12	0,0453333	
5000,11	0,0453391	
5000,11	0,0453318	
5000,11	0,0453348	
5000,11	0,0453156	
5000,12	0,0453533	
5000,11	0,0453295	
5000,12	0,0453431	
5000,12	0,0453173	
5000,11	0,0453313	
5000,1	0,0453456	
5000,11	0,0453385	
5000,12	0,0453292	
5000,12	0,0453024	
5000,11	0,0453269	
5000,1	0,0453257	
5000,11	0,0453032	
5000,12	0,0453486	
5000,12	0,045343	
5000,12	0,0453165	
5000,11	0,045337	
5000,11	0,0453282	
5000,11	0,0453353	
5000,1	0,0453385	
5000,12	0,045329	
5000,11	0,0453142	
5000,11	0,0453063	
5000,1	0,0453358	
5000,11	0,0453048	
5000,12	0,0453269	
5000,11	0,0453294	
5000,11	0,0453226	
5000,11	0,0453138	
5000,11	0,0453446	
5000,12	0,045304	
5000,11	0,0453122	
5000,1	0,0453458	
5000,11	0,0453126	
5000,11	0,0453502	
5000,12	0,0453308	
5000,1	0,0453342	
5000,12	0,0452991	
5000,12	0,0453393	
5000,11	0,0453403	
5000,12	0,0453007	
5000,1	0,0453083	
5000,11	0,0453215	
5000,11	0,0453432	
5000,11	0,0453081	
5000,11	0,0453145	
5000,1	0,0453672	
5000,11	0,0453267	
5000,11	0,0453118	
5000,11	0,045344	
5000,12	0,0453247	
5000,11	0,0453199	
5000,11	0,0453017	
5000,11	0,0453485	
5000,11	0,045321	
5000,12	0,0453174	
5000,11	0,0453291	
5000,1	0,0453282	
5000,1	0,0453431	
5000,11	0,0453216	
5000,1	0,045335	
5000,11	0,0453567	
5000,11	0,0453311	
5000,11	0,0453308	
5000,1	0,0453556	
5000,12	0,0453264	
5000,12	0,0453075	
5000,11	0,0453463	
5000,11	0,0453227	
5000,1	0,045334	
5000,1	0,0453521	
5000,12	0,0453343	
5000,11	0,0453215	
5000,1	0,0453485	
5000,12	0,0453187	
5000,11	0,0453169	
5000,11	0,0453282	
5000,11	0,0453273	
5000,11	0,0453323	
5000,11	0,0453422	
5000,12	0,0453462	
5000,11	0,0453358	
5000,12	0,0453435	
5000,11	0,045337	
5000,13	0,0453372	
5000,11	0,0452818	
5000,1	0,0453477	
5000,12	0,0453278	
5000,11	0,0453016	
5000,11	0,0453275	
5000,12	0,0453106	
5000,11	0,045321	
5000,11	0,0453293	
5000,11	0,0453303	
5000,11	0,0453186	
5000,11	0,0453587	
5000,11	0,0453258	
5000,11	0,0453122	
5000,11	0,0452937	
5000,11	0,0453258	
5000,11	0,0453239	
5000,12	0,0453334	
5000,11	0,0453199	
5000,11	0,0453127	
5000,11	0,0453201	
5000,11	0,0453202	
5000,13	0,04536	
5000,12	0,0453302	
5000,12	0,0453302	
5000,1	0,0453353	
5000,11	0,0453282	
5000,12	0,045328	
5000,12	0,0453377	
5000,12	0,0453186	
5000,11	0,0453587	
5000,12	0,045324	
5000,12	0,0453481	
5000,11	0,0453412	
5000,11	0,0453528	
5000,12	0,0453258	
5000,11	0,0453393	
5000,12	0,0453302	
5000,11	0,0453241	
5000,11	0,0453298	
5000,12	0,0453288	
5000,11	0,0453378	
5000,11	0,0453074	
5000,11	0,0453303	
5000,1	0,0453409	
5000,12	0,0453506	
5000,12	0,0453556	
5000,11	0,0453346	
5000,11	0,0453697	
5000,11	0,0453208	
5000,11	0,045327	
5000,11	0,0453296	
5000,11	0,0453113	
5000,11	0,0453308	
5000,11	0,0453005	
5000,11	0,0453382	
5000,1	0,0453333	
5000,12	0,0453049	
5000,11	0,0453489	
5000,12	0,0453271	
5000,11	0,0453218	
5000,1	0,0453046	
5000,11	0,0453351	
5000,11	0,0453268	
5000,11	0,0453078	
5000,11	0,0453234	
5000,11	0,0453406	
5000,11	0,0453223	
5000,12	0,0453278	
5000,11	0,0453244	
5000,1	0,0453589	
5000,11	0,0453157	
5000,1	0,0453497	
5000,11	0,0453128	
5000,11	0,0453318	
5000,12	0,0453453	
5000,11	0,0453283	
5000,11	0,0453403	
5000,11	0,0453301	
5000,11	0,0453366	
5000,1	0,0453318	
5000,11	0,0453208	
5000,11	0,0453304	
5000,1	0,0453103	
5000,11	0,0453384	
5000,11	0,0453652	
5000,1	0,0453174	
5000,12	0,0453302	
5000,12	0,0453035	
5000,11	0,0453128	
5000,11	0,0453449	
5000,11	0,0453347	
5000,11	0,0453181	
5000,11	0,045332	
5000,11	0,0453385	
5000,11	0,0453019	
5000,11	0,0453227	
5000,1	0,0453469	
5000,11	0,0453109	
5000,12	0,0453168	
5000,11	0,0453439	
5000,1	0,0453316	
5000,1	0,0453458	
5000,11	0,0453291	
5000,11	0,0453078	
5000,12	0,0453261	
5000,11	0,0453252	
5000,11	0,0453532	
5000,11	0,0453229	
5000,11	0,0453275	
5000,12	0,0453167	
5000,11	0,0453269	
5000,11	0,0453262	
5000,11	0,0453389	
5000,12	0,0453294	
5000,13	0,045319	
5000,11	0,0453037	
5000,11	0,0453022	
5000,12	0,0453048	
5000,1	0,0453293	
5000,11	0,0453181	
5000,1	0,0453126	
5000,11	0,0452986	
5000,12	0,0453158	
5000,11	0,0453217	
5000,11	0,0453223	
5000,11	0,0453033	
5000,11	0,0453198	
5000,12	0,0453274	
5000,11	0,0453374	
5000,1	0,0453413	
5000,11	0,0453121	
5000,11	0,0453159	
5000,11	0,0453306	
5000,11	0,0453243	
5000,1	0,0453397	
5000,11	0,045326	
5000,11	0,0453016	
5000,12	0,0453417	
5000,11	0,0453326	
5000,11	0,0453458	
5000,11	0,0453125	
5000,11	0,0453501	
5000,11	0,0453401	
5000,11	0,0453641	
5000,11	0,0453431	
5000,12	0,0453399	
5000,11	0,0453273	
5000,12	0,0453349	
5000,11	0,0453304	
5000,12	0,0453205	
5000,11	0,0453093	
5000,12	0,0453656	
5000,11	0,0453283	
5000,12	0,0453131	
5000,11	0,0453351	
5000,12	0,0453355	
5000,1	0,0453433	
5000,11	0,0453031	
5000,11	0,0453246	
5000,11	0,0453272	
5000,11	0,0453195	
5000,12	0,0453466	
5000,12	0,04533	
5000,11	0,045313	
5000,12	0,0453582	
5000,11	0,0453404	
5000,12	0,0453592	
5000,11	0,0453043	
5000,11	0,0453126	
5000,12	0,0453364	
5000,1	0,0453152	
5000,13	0,0453574	
5000,11	0,0453385	
5000,12	0,0453283	
5000,11	0,0453519	
5000,12	0,0453266	
5000,12	0,0453378	
5000,11	0,045306	
5000,11	0,0453407	
5000,11	0,045327	
5000,12	0,0453148	
5000,11	0,045329	
5000,12	0,0453325	
5000,11	0,045297	
5000,12	0,0453331	
5000,12	0,0453276	
5000,11	0,0453124	
5000,12	0,0453393	
5000,12	0,0453407	
5000,11	0,0453501	
5000,11	0,0453158	
5000,11	0,0452955	
5000,12	0,0453175	
5000,12	0,0453346	
5000,12	0,0453327	
5000,11	0,0453578	
5000,12	0,0453085	
5000,11	0,045324	
5000,12	0,0453168	
5000,11	0,0453528	
5000,11	0,0453404	
5000,11	0,0453423	
5000,11	0,0453229	
5000,11	0,0452722	
5000,11	0,04534	
5000,11	0,0453203	
5000,11	0,0453179	
5000,11	0,0453384	
5000,1	0,0453351	
5000,1	0,0453165	
5000,11	0,0453015	
5000,11	0,0453252	
5000,11	0,0453574	
5000,12	0,0453172	
5000,12	0,0453021	
5000,11	0,0453229	
5000,11	0,0453565	
5000,12	0,0453456	
5000,11	0,0453269	
5000,1	0,0453683	
5000,12	0,0453539	
5000,11	0,0453421	
5000,1	0,0453261	
5000,13	0,0453304	
5000,1	0,0453511	
5000,12	0,0453267	
5000,12	0,0453103	
5000,11	0,0453578	
5000,11	0,0453129	
5000,12	0,0453413	
5000,11	0,0453053	
5000,1	0,045316	
5000,11	0,0453038	
5000,11	0,0453205	
5000,12	0,045332	
5000,1	0,04532	
5000,11	0,0453338	
5000,11	0,0452926	
5000,12	0,0453531	
5000,11	0,0453425	
5000,12	0,0453338	
5000,11	0,0453612	
5000,11	0,0453777	
5000,11	0,045352	
5000,12	0,045327	
5000,11	0,0453511	
5000,12	0,0453272	
5000,12	0,0453666	
5000,11	0,0453474	
5000,11	0,0453577	
5000,11	0,045299	
5000,11	0,0453413	
5000,11	0,0453339	
5000,13	0,0453362	
5000,12	0,0453274	
5000,12	0,0453686	
5000,11	0,0453556	
5000,12	0,0453098	
5000,11	0,0453608	
5000,11	0,0453382	
5000,12	0,0453593	
