Time - Plot 0	Amplitude - Plot 0	
2300	0,0396391	
2400,04	0,040751	
2400,03	0,0407684	
2500,06	0,0418947	
2600,08	0,0431126	
2600,07	0,0431167	
2700,11	0,0442849	
2700,11	0,0443277	
2799,93	0,0455295	
2899,96	0,0468002	
2899,97	0,0468187	
2999,99	0,048053	
3100,02	0,0494318	
3100,01	0,049394	
3200,04	0,050781	
3200,04	0,050782	
3300,07	0,0521289	
3400,1	0,0535416	
3400,09	0,0535674	
3499,94	0,055008	
3499,93	0,0549662	
3599,95	0,0564444	
3699,98	0,0578954	
3699,97	0,0579098	
3800	0,0594501	
3800	0,0594878	
3900,02	0,0610161	
4000,04	0,0625802	
4000,05	0,0625641	
4100,08	0,0641324	
4100,07	0,0641347	
4200,1	0,0658032	
4299,93	0,0674663	
4299,93	0,0674262	
4399,97	0,0691547	
4399,96	0,0691433	
4499,99	0,0708798	
4600,01	0,0726521	
4600,03	0,0726487	
4700,04	0,0744187	
4700,04	0,0744315	
4800,07	0,0762796	
4900,09	0,0781626	
4900,09	0,0781724	
5000,12	0,0801005	
5000,1	0,0800755	
5099,94	0,0820663	
5199,97	0,0840805	
5199,97	0,0840763	
5299,99	0,0860955	
5300	0,0860808	
5400,03	0,0881992	
5500,05	0,0903121	
5500,05	0,0903418	
5600,08	0,0925225	
5600,07	0,0925253	
5700,1	0,0947492	
5800,12	0,0970714	
5800,12	0,0970728	
5899,96	0,0994035	
5899,96	0,0994226	
5999,98	0,101849	
6100	0,104306	
6100,01	0,104254	
6200,05	0,10681	
6200,03	0,10682	
6300,05	0,109426	
6400,09	0,112068	
6400,09	0,112084	
6500,11	0,114852	
6500,1	0,114821	
6599,95	0,117654	
6699,97	0,12054	
6699,97	0,120524	
6800	0,123479	
6800	0,123519	
6900,01	0,126531	
7000,05	0,129686	
7000,04	0,129703	
7100,07	0,132959	
7100,07	0,132929	
7200,1	0,136284	
7300,12	0,139716	
7300,12	0,139733	
7399,96	0,143264	
7399,96	0,143269	
7499,98	0,146934	
7600,01	0,150725	
7600	0,150696	
7700,03	0,15463	
7700,04	0,154609	
7800,05	0,158652	
7900,08	0,162871	
7900,08	0,162887	
8000,12	0,167202	
8000,1	0,167174	
8100,13	0,171722	
8199,96	0,176331	
8199,97	0,176381	
8300	0,181238	
8299,99	0,181222	
8400,02	0,186264	
8500,04	0,191443	
8500,04	0,191439	
8600,07	0,196902	
8600,07	0,196885	
8700,08	0,202519	
8800,12	0,208365	
8800,12	0,208405	
8900,14	0,214493	
8900,14	0,214568	
8999,98	0,220898	
9100	0,227555	
9100	0,227583	
9200,03	0,234514	
9200,02	0,234586	
9300,05	0,241839	
9400,08	0,249498	
9400,08	0,249539	
9500,1	0,257492	
9500,1	0,25749	
9600,12	0,265858	
9699,96	0,274605	
9699,97	0,274659	
9799,98	0,283904	
9799,99	0,283922	
9900,01	0,293563	
10000	0,303713	
10000	0,303796	
10100,1	0,314468	
10100,1	0,314547	
10200,1	0,325814	
10300,1	0,337632	
10300,1	0,337757	
10400,1	0,350193	
10400,2	0,350288	
10500	0,363419	
10600	0,377281	
10600	0,377385	
10700	0,391952	
10700	0,392086	
10800,1	0,407356	
10900,1	0,423537	
10900,1	0,423781	
11000,1	0,440615	
11000,1	0,440796	
11100,1	0,458442	
11200,1	0,477047	
11200,1	0,477281	
11300	0,496412	
11300	0,496714	
11400	0,516722	
11500	0,537027	
11500	0,537327	
11600,1	0,557949	
11600,1	0,558208	
11700,1	0,579141	
11800,1	0,599709	
11800,1	0,599952	
11900,1	0,619869	
11900,1	0,620167	
12000,2	0,63921	
12100	0,656675	
12100	0,656902	
12200	0,672395	
12200	0,672497	
12300	0,685675	
12400,1	0,695967	
12400,1	0,695995	
12500,1	0,703122	
12501,4	0,703159	
12600,1	0,707026	
12700,1	0,707538	
12700,1	0,707507	
12800	0,704793	
12900	0,699116	
12900	0,699103	
13000	0,690651	
13000	0,690649	
13100,1	0,679919	
13200,1	0,667285	
13200,1	0,667426	
13300,1	0,653244	
13300,1	0,653368	
13400,1	0,638082	
13500,2	0,622133	
13500,2	0,622381	
13600	0,605795	
13600	0,606046	
13700	0,58929	
13800,1	0,572577	
13800	0,572823	
13900,1	0,556218	
13900,1	0,556478	
14000,1	0,540098	
14100,1	0,524215	
14100,1	0,524511	
14200,1	0,508947	
14200,1	0,509195	
14300,1	0,494156	
14400	0,479829	
14400	0,480062	
14500	0,466047	
14500	0,466271	
14600	0,452845	
14700,1	0,4401	
14700,1	0,440284	
14800,1	0,427927	
14800,1	0,428127	
14900,1	0,416332	
15000,2	0,405054	
15000,1	0,405249	
15100,2	0,394449	
15100,2	0,394621	
15200	0,384272	
15300	0,374413	
15300	0,374585	
15400,1	0,365112	
15400,1	0,365189	
15500,1	0,356176	
15600,1	0,347586	
15600,1	0,347695	
15700,1	0,339442	
15700,1	0,339461	
15800,2	0,331602	
15900	0,32409	
15900	0,324133	
16000	0,316921	
16000	0,31694	
16100	0,310023	
16200,1	0,303375	
16200,1	0,30343	
16300,1	0,297013	
16300,1	0,297058	
16400,1	0,290954	
16500,1	0,285085	
16500,1	0,285111	
16600,2	0,279422	
16600,2	0,279461	
16700	0,27402	
16800	0,268859	
16800	0,268884	
16900,1	0,26384	
16900,1	0,263878	
17000,1	0,259022	
17100,1	0,2544	
17100,1	0,25441	
17200,1	0,249894	
17200,1	0,249947	
17300,2	0,245607	
17400,2	0,241398	
17400,2	0,241414	
17500	0,237399	
17500	0,237428	
17600	0,233528	
17700,1	0,229752	
17700,1	0,229763	
17800,1	0,226112	
17800,1	0,226111	
17900,1	0,222564	
18000,1	0,219148	
18000,1	0,219212	
18100,2	0,215837	
18100,2	0,215866	
18200,2	0,212681	
18300	0,209542	
18300	0,209595	
18400,1	0,20655	
18425,1	0,203762	
18500,1	0,203622	
18600,1	0,200794	
18600,1	0,200766	
18700,1	0,198012	
18800,2	0,195318	
18800,2	0,195314	
18900,2	0,192718	
18900,2	0,192713	
19000	0,190177	
19100	0,18773	
19100	0,187762	
19200,1	0,185321	
19200,1	0,185357	
19300,1	0,183016	
19400,1	0,180738	
19400,1	0,18072	
19500,1	0,178495	
19500,1	0,178508	
19600,2	0,176338	
19700,2	0,174243	
19700,2	0,174244	
19800	0,1722	
19800	0,172187	
19900	0,170179	
20000,1	0,168248	
20000,1	0,168231	
20100,1	0,166284	
20100,1	0,166327	
20200,1	0,164449	
20300,1	0,162619	
20300,2	0,162621	
20400,2	0,160834	
20400,2	0,160823	
20500,2	0,159105	
20600	0,15739	
20600	0,157381	
20700,1	0,155696	
20700,1	0,155759	
20800,1	0,154109	
20900,1	0,152539	
20900,1	0,152513	
21000,1	0,151015	
21000,1	0,151047	
21100,2	0,149467	
21200,2	0,147976	
21200,2	0,147991	
21300,2	0,146559	
21300,2	0,146568	
21400	0,145116	
21500,1	0,143753	
21500,1	0,143766	
21600,1	0,142389	
21600,1	0,142405	
21700,1	0,141068	
21800,2	0,139764	
21800,1	0,139718	
21900,2	0,138446	
21900,2	0,138449	
22000,2	0,137197	
22100	0,135959	
22100	0,135954	
22200,1	0,134709	
22200,1	0,134723	
22300,1	0,13355	
22400,1	0,132355	
22400,1	0,132388	
22500,1	0,131217	
22500,1	0,131256	
22600,2	0,130103	
22700,2	0,129022	
22700,2	0,12905	
22800,2	0,127933	
