Time - Plot 0	Amplitude - Plot 0	
2300,01	2,08301	
2400,02	2,08209	
2500,06	2,08148	
2500,06	2,08152	
2600,08	2,08061	
2600,08	2,08097	
2700,1	2,08037	
2700,69	2,07988	
2799,95	2,07943	
2899,96	2,07857	
2899,97	2,07867	
2999,99	2,07787	
3100,01	2,07693	
3100,01	2,07681	
3200,03	2,07591	
3200,04	2,07603	
3300,07	2,07509	
3399,97	2,07406	
3400,09	2,07436	
3499,93	2,07313	
3499,93	2,07294	
3599,94	2,07227	
3699,98	2,07109	
3699,97	2,07116	
3800	2,07012	
3799,99	2,07001	
3900,04	2,06883	
4000,05	2,0677	
4000,06	2,06766	
4100,08	2,06635	
4100,08	2,06638	
4200,11	2,06519	
4299,94	2,06375	
4299,95	2,06383	
4399,96	2,06228	
4399,96	2,06231	
4499,99	2,06082	
4600,02	2,05934	
4600,01	2,05944	
4700,04	2,0578	
4700,04	2,05797	
4800,06	2,05626	
4870,47	2,04094	
4900,09	2,05449	
5000,11	2,05248	
5000,11	2,05278	
5099,95	2,05078	
5199,97	2,04897	
5199,97	2,04888	
5299,99	2,04685	
5300	2,04689	
5400,03	2,04475	
5500,05	2,04278	
5500,05	2,04259	
5600,07	2,04047	
5600,06	2,04028	
5700,1	2,03798	
5800,13	2,03561	
5800,12	2,03543	
5899,97	2,03298	
5899,96	2,03307	
5999,98	2,03036	
6100,01	2,02771	
6100,01	2,02757	
6200,04	2,02475	
6200,04	2,02481	
6300,06	2,02174	
6400,09	2,01856	
6400,09	2,01862	
6500,11	2,01522	
6500,11	2,01528	
6599,95	2,01188	
6699,97	2,00823	
6699,97	2,00837	
6800	2,0044	
6799,98	2,00448	
6900,02	2,00056	
7000,05	1,99643	
7000,03	1,99617	
7100,08	1,99202	
7100,08	1,99196	
7200,09	1,98762	
7300,12	1,98272	
7300,12	1,98286	
7399,95	1,9779	
7399,97	1,97778	
7499,98	1,97252	
7600	1,96707	
7600	1,96703	
7700,03	1,96128	
7700,03	1,9611	
7800,07	1,9552	
7900,08	1,94887	
7900,08	1,94892	
8000,1	1,94201	
8000,11	1,942	
8100,12	1,93503	
8199,98	1,92753	
8199,98	1,92755	
8299,99	1,9196	
8299,99	1,91966	
8400,03	1,91136	
8500,04	1,90254	
8500,04	1,90257	
8600,08	1,89321	
8600,07	1,89335	
8700,08	1,88331	
8800,12	1,87304	
8800,12	1,87299	
8900,14	1,86212	
8900,14	1,86195	
8999,97	1,85068	
9100	1,83814	
9100	1,83812	
9200,02	1,825	
9200,03	1,82477	
9300,05	1,81121	
9400,08	1,79634	
9400,07	1,79621	
9500,1	1,78056	
9500,1	1,78052	
9600,13	1,76392	
9699,96	1,74649	
9699,97	1,74621	
9799,98	1,72764	
9800	1,72737	
9900,01	1,70761	
10000	1,68686	
10000	1,68637	
10100,1	1,66423	
10100,1	1,66384	
10200,1	1,64033	
10300,1	1,61493	
10300,1	1,61447	
10400,1	1,58814	
10400,1	1,58781	
10500	1,55978	
10600	1,52999	
10600	1,52963	
10700	1,49826	
10700	1,49782	
10800,1	1,46515	
10900,1	1,43087	
10900,1	1,43022	
11000,1	1,39448	
11000,1	1,39399	
11100,1	1,35701	
11200,2	1,31835	
11200,1	1,31792	
11300	1,27884	
11300	1,27821	
11400	1,23851	
11500	1,19827	
11500	1,19805	
11600	1,15817	
11600,1	1,15786	
11700,1	1,11923	
11800,1	1,08207	
11800,1	1,08172	
11900,1	1,04731	
11900,1	1,04707	
12000,1	1,01591	
12100	0,989175	
12100	0,989134	
12200	0,967564	
12200	0,96746	
12300,1	0,952087	
12400,1	0,943184	
12400,1	0,943168	
12500	0,940887	
12500,2	0,941111	
12600,1	0,946213	
12700,1	0,957995	
12700,1	0,958087	
12800	0,975823	
12800	0,975757	
12900	0,999397	
13000	1,02731	
13000	1,02712	
13100	1,05918	
13100	1,05875	
13200,1	1,09356	
13200,1	1,09332	
13300,1	1,12972	
13400,1	1,16782	
13400,1	1,16752	
13500,2	1,20629	
13500,1	1,20578	
13600	1,24485	
13700	1,2833	
13700	1,28262	
13800	1,32067	
13800	1,32001	
13900,1	1,35737	
14000,1	1,39307	
14000,1	1,39236	
14100,1	1,42735	
14100,1	1,42662	
14200,1	1,46036	
14300,2	1,49207	
14300,2	1,49135	
14400	1,52226	
14400	1,52162	
14500	1,55097	
14600,1	1,57875	
14600	1,57792	
14700,1	1,60446	
14700,1	1,6041	
14800,1	1,62918	
14800,1	1,62856	
14900,1	1,65241	
15000,2	1,67508	
15000,2	1,67459	
15100,2	1,69584	
15100,2	1,69558	
15200	1,71591	
15300	1,73469	
15300	1,73431	
15400,1	1,75243	
15400,1	1,75209	
15500,1	1,76905	
15600,1	1,78534	
15600,1	1,78499	
15700,1	1,80036	
15700,1	1,8	
15800,2	1,81443	
15900	1,82815	
15900	1,82797	
16000	1,84086	
16000	1,84075	
16100	1,85293	
16200,1	1,86465	
16200,1	1,8644	
16300,1	1,87557	
16300,1	1,87531	
16400,1	1,88588	
16500,1	1,8958	
16500,1	1,89566	
16600,2	1,90516	
16700	1,91398	
16700	1,91381	
16800	1,92231	
16800	1,92198	
16900,1	1,93023	
17000,1	1,938	
17000,1	1,93794	
17100,1	1,94511	
17100,1	1,94501	
17200,1	1,95208	
17300,2	1,95863	
17300,2	1,95861	
17400,2	1,96462	
17400,2	1,9647	
17500	1,97078	
17600	1,97663	
17600	1,97653	
17700,1	1,98207	
17700,1	1,98196	
17800,1	1,98718	
17900,1	1,99218	
17900,1	1,99226	
18000,1	1,99683	
18000,1	1,99682	
18100,2	2,0015	
18200,2	2,00579	
18200,2	2,00563	
18300	2,00998	
18300	2,00988	
18400,1	2,01373	
18500,1	2,01777	
18500,1	2,01774	
18600,1	2,02131	
18600,1	2,02128	
18700,1	2,02487	
18800,2	2,02816	
18800,1	2,02816	
18900,2	2,03141	
18900,2	2,03156	
19000	2,03475	
19100	2,03764	
19100,1	2,03748	
19200,1	2,04043	
19200,1	2,04051	
19300,1	2,04323	
19400,1	2,04579	
19400,1	2,04579	
19500,1	2,04844	
19500,1	2,04818	
19600,2	2,05071	
19700,2	2,05321	
19700,2	2,05322	
19800	2,05557	
19800	2,0554	
19900,1	2,05764	
20000,1	2,05983	
20000,1	2,06035	
20100,1	2,06186	
20100,1	2,06177	
20200,1	2,06383	
20300,2	2,06569	
20300,1	2,06562	
20400,2	2,06759	
20400,2	2,06756	
20500,2	2,06915	
20600	2,07098	
20600	2,07098	
20700,1	2,07271	
20700,1	2,07279	
20800,1	2,07426	
20900,1	2,07578	
20900,1	2,07584	
21000,1	2,0775	
21000,1	2,0775	
21100,2	2,07876	
21200,2	2,08017	
21200,2	2,0801	
21300,2	2,08149	
21300,2	2,08177	
21400	2,08291	
21500,1	2,08426	
21500,1	2,08418	
21600,1	2,08538	
21600,1	2,08551	
21700,1	2,0866	
21800,1	2,08785	
21800,2	2,08775	
21900,2	2,08887	
21900,2	2,08891	
22000,2	2,09011	
22100	2,09102	
22100	2,09105	
22200	2,09205	
22200	2,09202	
22300,1	2,09336	
22400,1	2,09407	
22400,1	2,09415	
22500,1	2,09499	
22500,1	2,0948	
22600,2	2,09606	
22700,2	2,09678	
22700,2	2,09691	
22800,2	2,09771	
22800,2	2,09775	
